300
3346 4263
4321 9731
3614 5864
7100 4825
1753 3245
4178 4832
3561 4657
642 1810
9976 5507
4576 8942
8214 5905
4178 2988
8420 5796
2815 6438
8806 2536
6240 456
4742 8227
8676 2211
9780 6685
7009 2680
9060 2362
4786 3529
8079 6077
248 4160
2297 4904
5121 2513
5536 6041
3363 5726
7645 7029
1622 9242
4410 7145
5582 5455
5155 7326
8946 5488
6034 8458
4265 212
9450 380
7330 9068
2595 6440
9342 7822
566 963
3594 8822
2033 9448
5865 9859
7919 3866
258 225
6073 7878
4696 5065
7392 9341
2791 1612
1372 9923
1314 3397
1549 4182
4978 1036
3801 2961
2750 686
2980 8419
2421 3749
5844 568
2643 3940
759 7644
4157 303
7128 5154
4426 7257
39 961
2403 5288
8074 6223
2633 8365
4766 4559
430 6680
6672 4261
2333 5798
3516 913
8560 5826
8389 249
6691 6680
8463 3606
8282 8049
9192 798
2646 5152
7467 7779
4503 3877
1700 8911
4727 1406
9290 6206
5916 899
4464 370
6980 1359
1935 993
3498 6245
4369 5746
3030 6945
4112 901
7130 9693
2159 8042
4263 7031
9825 4297
345 7399
1091 5945
6137 8962
6091 7726
3196 6251
8713 2720
2613 728
3777 113
3254 8852
1765 720
8715 3756
1566 2585
4729 9120
4207 1522
1214 6331
3044 3922
5715 8528
8371 1688
7433 7635
6921 1627
3564 2951
9238 4153
2186 2419
365 8633
8379 148
1842 5238
2833 6292
5468 5620
4635 7872
1796 7282
2466 1643
8838 8966
928 2595
8943 6911
1215 4181
4313 4325
7844 8867
4138 8916
5681 103
8801 5820
3955 9294
9144 5772
6500 3888
1241 873
9940 5147
9664 2773
4021 6718
4700 650
832 7587
1493 8790
2116 5512
1582 6139
6391 9526
9793 2661
115 2606
1970 9845
9594 8105
1496 5204
2864 6035
5090 3118
3263 7799
834 6850
8908 458
3905 9099
4806 4147
7987 908
6800 8699
2821 1297
9091 8111
865 2448
9534 3912
8537 7788
9442 1052
7 2819
7105 2380
4002 1036
6757 338
6607 9776
7191 6927
5509 3345
6759 5574
3674 3254
3963 966
2910 7934
5363 5459
298 6743
5016 3161
2951 5634
2173 5262
9064 4308
6433 2727
5744 7213
2105 4931
6568 3220
5963 5342
4351 1326
5132 7826
7081 2224
4330 9694
7504 8088
4154 66
9316 5417
4671 4647
5438 8274
994 519
6337 1770
91 7034
8863 8143
523 1402
8582 257
9347 75
1049 9887
2899 9512
20 618
659 2422
3044 7706
3946 8083
7424 9749
3638 7823
2009 9506
3644 9265
2777 3711
9351 5419
2691 4224
2754 7230
8794 5367
8502 658
2004 4779
7562 1903
7582 7645
7739 6844
6750 6640
2749 3317
2410 2422
4089 7297
4455 2034
2392 6594
2616 5040
7518 8153
7338 9763
9078 7549
1633 4439
1613 1777
9396 658
1157 8922
8140 8918
2389 810
6623 8648
8108 7232
341 7528
5227 2833
347 7467
4038 260
3368 7076
9928 5665
3696 2970
9302 5152
9806 4765
3899 3274
1189 1087
249 7150
3347 6459
3462 2326
1447 1396
7094 8948
5567 563
3287 9353
3039 6323
9913 672
5828 7540
3948 8539
3440 5964
2765 487
4305 5047
7611 147
1126 8537
5937 5825
8140 8693
1840 9557
786 6455
6315 5241
719 8430
1533 6932
1664 8024
5882 896
4071 564
8975 7517
9023 4769
8339 1658
4400 5389
2028 2553
8732 4383
3848 6839
735 453
437 819
4985 9301
1905 543
6707 9439
262 804
1140 898
2339 6651
5454 6683
6439 3496